  0.510000;  0.540000;  0.056569; -0.014142; -1.000000
  0.520000;  0.540000;  0.056569; -0.028284; -1.000000
  0.530000;  0.540000;  0.056569; -0.042426; -1.000000
  0.540000;  0.540000;  0.056569; -0.056569; -1.000000
  0.550000;  0.540000;  0.056569; -0.070711; -1.000000
  0.560000;  0.540000;  0.056569; -0.084853; -1.000000
  0.570000;  0.540000;  0.056569; -0.098995; -1.000000
  0.580000;  0.540000;  0.056569; -0.113137; -1.000000
  0.590000;  0.540000;  0.056569; -0.127279; -1.000000
  0.600000;  0.540000;  0.056569; -0.141421; -1.000000
  0.610000;  0.540000;  0.056569; -0.155564; -1.000000
  0.620000;  0.540000;  0.056569; -0.169706; -1.000000
  0.630000;  0.540000;  0.056569; -0.183848; -1.000000
  0.640000;  0.540000;  0.056569; -0.197990; -1.000000
  0.650000;  0.540000;  0.056569; -0.212132; -1.000000
  0.660000;  0.540000;  0.056569; -0.226274; -1.000000
  0.670000;  0.540000;  0.056569; -0.240416; -1.000000
  0.680000;  0.540000;  0.056569; -0.254558; -1.000000
  0.690000;  0.540000;  0.056569; -0.268701; -1.000000
  0.700000;  0.540000;  0.056569; -0.282843; -1.000000
  0.710000;  0.540000;  0.056569; -0.296985; -1.000000
  0.720000;  0.540000;  0.056569; -0.311127; -1.000000
  0.730000;  0.540000;  0.056569; -0.325269; -1.000000
  0.740000;  0.540000;  0.056569; -0.339411; -1.000000
  0.750000;  0.540000;  0.056569; -0.353553; -1.000000
  0.760000;  0.540000;  0.056569; -0.367696; -1.000000
  0.770000;  0.540000;  0.056569; -0.381838; -1.000000
  0.780000;  0.540000;  0.056569; -0.395980; -1.000000
  0.790000;  0.540000;  0.056569; -0.410122; -1.000000
  0.800000;  0.540000;  0.056569; -0.424264; -1.000000
  0.810000;  0.540000;  0.056569; -0.438406; -1.000000
  0.820000;  0.540000;  0.056569; -0.452548; -1.000000
  0.830000;  0.540000;  0.056569; -0.466690; -1.000000
  0.840000;  0.540000;  0.056569; -0.480833; -1.000000
  0.850000;  0.540000;  0.056569; -0.494975; -1.000000
  0.860000;  0.540000;  0.056569; -0.509117; -1.000000
  0.870000;  0.540000;  0.056569; -0.523259; -1.000000
  0.880000;  0.540000;  0.056569; -0.537401; -1.000000
  0.890000;  0.540000;  0.056569; -0.551543; -1.000000
  0.900000;  0.540000;  0.056569; -0.565685; -1.000000
  0.910000;  0.540000;  0.056569; -0.579828; -1.000000
  0.920000;  0.540000;  0.056569; -0.593970; -1.000000
  0.930000;  0.540000;  0.056569; -0.608112; -1.000000
  0.940000;  0.540000;  0.056569; -0.622254; -1.000000
  0.950000;  0.540000;  0.056569; -0.636396; -1.000000
  0.960000;  0.540000;  0.056569; -0.650538; -1.000000
  0.970000;  0.540000;  0.056569; -0.664680; -1.000000
  0.980000;  0.540000;  0.056569; -0.678823; -1.000000
  0.990000;  0.540000;  0.056569; -0.692965; -1.000000
  1.000000;  0.540000;  0.056569; -0.707107; -1.000000
  0.510000;  0.550000;  0.070711; -0.014142; -1.000000
  0.520000;  0.550000;  0.070711; -0.028284; -1.000000
  0.530000;  0.550000;  0.070711; -0.042426; -1.000000
  0.540000;  0.550000;  0.070711; -0.056569; -1.000000
  0.550000;  0.550000;  0.070711; -0.070711; -1.000000
  0.560000;  0.550000;  0.070711; -0.084853; -1.000000
  0.570000;  0.550000;  0.070711; -0.098995; -1.000000
  0.580000;  0.550000;  0.070711; -0.113137; -1.000000
  0.590000;  0.550000;  0.070711; -0.127279; -1.000000
  0.600000;  0.550000;  0.070711; -0.141421; -1.000000
  0.610000;  0.550000;  0.070711; -0.155564; -1.000000
  0.620000;  0.550000;  0.070711; -0.169706; -1.000000
  0.630000;  0.550000;  0.070711; -0.183848; -1.000000
  0.640000;  0.550000;  0.070711; -0.197990; -1.000000
  0.650000;  0.550000;  0.070711; -0.212132; -1.000000
  0.660000;  0.550000;  0.070711; -0.226274; -1.000000
  0.670000;  0.550000;  0.070711; -0.240416; -1.000000
  0.680000;  0.550000;  0.070711; -0.254558; -1.000000
  0.690000;  0.550000;  0.070711; -0.268701; -1.000000
  0.700000;  0.550000;  0.070711; -0.282843; -1.000000
  0.710000;  0.550000;  0.070711; -0.296985; -1.000000
  0.720000;  0.550000;  0.070711; -0.311127; -1.000000
  0.730000;  0.550000;  0.070711; -0.325269; -1.000000
  0.740000;  0.550000;  0.070711; -0.339411; -1.000000
  0.750000;  0.550000;  0.070711; -0.353553; -1.000000
  0.760000;  0.550000;  0.070711; -0.367696; -1.000000
  0.770000;  0.550000;  0.070711; -0.381838; -1.000000
  0.780000;  0.550000;  0.070711; -0.395980; -1.000000
  0.790000;  0.550000;  0.070711; -0.410122; -1.000000
  0.800000;  0.550000;  0.070711; -0.424264; -1.000000
  0.810000;  0.550000;  0.070711; -0.438406; -1.000000
  0.820000;  0.550000;  0.070711; -0.452548; -1.000000
  0.830000;  0.550000;  0.070711; -0.466690; -1.000000
  0.840000;  0.550000;  0.070711; -0.480833; -1.000000
  0.850000;  0.550000;  0.070711; -0.494975; -1.000000
  0.860000;  0.550000;  0.070711; -0.509117; -1.000000
  0.870000;  0.550000;  0.070711; -0.523259; -1.000000
  0.880000;  0.550000;  0.070711; -0.537401; -1.000000
  0.890000;  0.550000;  0.070711; -0.551543; -1.000000
  0.900000;  0.550000;  0.070711; -0.565685; -1.000000
  0.910000;  0.550000;  0.070711; -0.579828; -1.000000
  0.920000;  0.550000;  0.070711; -0.593970; -1.000000
  0.930000;  0.550000;  0.070711; -0.608112; -1.000000
  0.940000;  0.550000;  0.070711; -0.622254; -1.000000
  0.950000;  0.550000;  0.070711; -0.636396; -1.000000
  0.960000;  0.550000;  0.070711; -0.650538; -1.000000
  0.970000;  0.550000;  0.070711; -0.664680; -1.000000
  0.980000;  0.550000;  0.070711; -0.678823; -1.000000
  0.990000;  0.550000;  0.070711; -0.692965; -1.000000
  1.000000;  0.550000;  0.070711; -0.707107; -1.000000
  0.510000;  0.560000;  0.084853; -0.014142; -1.000000
  0.520000;  0.560000;  0.084853; -0.028284; -1.000000
  0.530000;  0.560000;  0.084853; -0.042426; -1.000000
  0.540000;  0.560000;  0.084853; -0.056569; -1.000000
  0.550000;  0.560000;  0.084853; -0.070711; -1.000000
  0.560000;  0.560000;  0.084853; -0.084853; -1.000000
  0.570000;  0.560000;  0.084853; -0.098995; -1.000000
  0.580000;  0.560000;  0.084853; -0.113137; -1.000000
  0.590000;  0.560000;  0.084853; -0.127279; -1.000000
  0.600000;  0.560000;  0.084853; -0.141421; -1.000000
  0.610000;  0.560000;  0.084853; -0.155564; -1.000000
  0.620000;  0.560000;  0.084853; -0.169706; -1.000000
  0.630000;  0.560000;  0.084853; -0.183848; -1.000000
  0.640000;  0.560000;  0.084853; -0.197990; -1.000000
  0.650000;  0.560000;  0.084853; -0.212132; -1.000000
  0.660000;  0.560000;  0.084853; -0.226274; -1.000000
  0.670000;  0.560000;  0.084853; -0.240416; -1.000000
  0.680000;  0.560000;  0.084853; -0.254558; -1.000000
  0.690000;  0.560000;  0.084853; -0.268701; -1.000000
  0.700000;  0.560000;  0.084853; -0.282843; -1.000000
  0.710000;  0.560000;  0.084853; -0.296985; -1.000000
  0.720000;  0.560000;  0.084853; -0.311127; -1.000000
  0.730000;  0.560000;  0.084853; -0.325269; -1.000000
  0.740000;  0.560000;  0.084853; -0.339411; -1.000000
  0.750000;  0.560000;  0.084853; -0.353553; -1.000000
  0.760000;  0.560000;  0.084853; -0.367696; -1.000000
  0.770000;  0.560000;  0.084853; -0.381838; -1.000000
  0.780000;  0.560000;  0.084853; -0.395980; -1.000000
  0.790000;  0.560000;  0.084853; -0.410122; -1.000000
  0.800000;  0.560000;  0.084853; -0.424264; -1.000000
  0.810000;  0.560000;  0.084853; -0.438406; -1.000000
  0.820000;  0.560000;  0.084853; -0.452548; -1.000000
  0.830000;  0.560000;  0.084853; -0.466690; -1.000000
  0.840000;  0.560000;  0.084853; -0.480833; -1.000000
  0.850000;  0.560000;  0.084853; -0.494975; -1.000000
  0.860000;  0.560000;  0.084853; -0.509117; -1.000000
  0.870000;  0.560000;  0.084853; -0.523259; -1.000000
  0.880000;  0.560000;  0.084853; -0.537401; -1.000000
  0.890000;  0.560000;  0.084853; -0.551543; -1.000000
  0.900000;  0.560000;  0.084853; -0.565685; -1.000000
  0.910000;  0.560000;  0.084853; -0.579828; -1.000000
  0.920000;  0.560000;  0.084853; -0.593970; -1.000000
  0.930000;  0.560000;  0.084853; -0.608112; -1.000000
  0.940000;  0.560000;  0.084853; -0.622254; -1.000000
  0.950000;  0.560000;  0.084853; -0.636396; -1.000000
  0.960000;  0.560000;  0.084853; -0.650538; -1.000000
  0.970000;  0.560000;  0.084853; -0.664680; -1.000000
  0.980000;  0.560000;  0.084853; -0.678823; -1.000000
  0.990000;  0.560000;  0.084853; -0.692965; -1.000000
  1.000000;  0.560000;  0.084853; -0.707107; -1.000000
  0.510000;  0.570000;  0.098995; -0.014142; -1.000000
  0.520000;  0.570000;  0.098995; -0.028284; -1.000000
  0.530000;  0.570000;  0.098995; -0.042426; -1.000000
  0.540000;  0.570000;  0.098995; -0.056569; -1.000000
  0.550000;  0.570000;  0.098995; -0.070711; -1.000000
  0.560000;  0.570000;  0.098995; -0.084853; -1.000000
  0.570000;  0.570000;  0.098995; -0.098995; -1.000000
  0.580000;  0.570000;  0.098995; -0.113137; -1.000000
  0.590000;  0.570000;  0.098995; -0.127279; -1.000000
  0.600000;  0.570000;  0.098995; -0.141421; -1.000000
  0.610000;  0.570000;  0.098995; -0.155564; -1.000000
  0.620000;  0.570000;  0.098995; -0.169706; -1.000000
  0.630000;  0.570000;  0.098995; -0.183848; -1.000000
  0.640000;  0.570000;  0.098995; -0.197990; -1.000000
  0.650000;  0.570000;  0.098995; -0.212132; -1.000000
  0.660000;  0.570000;  0.098995; -0.226274; -1.000000
  0.670000;  0.570000;  0.098995; -0.240416; -1.000000
  0.680000;  0.570000;  0.098995; -0.254558; -1.000000
  0.690000;  0.570000;  0.098995; -0.268701; -1.000000
  0.700000;  0.570000;  0.098995; -0.282843; -1.000000
  0.710000;  0.570000;  0.098995; -0.296985; -1.000000
  0.720000;  0.570000;  0.098995; -0.311127; -1.000000
  0.730000;  0.570000;  0.098995; -0.325269; -1.000000
  0.740000;  0.570000;  0.098995; -0.339411; -1.000000
  0.750000;  0.570000;  0.098995; -0.353553; -1.000000
  0.760000;  0.570000;  0.098995; -0.367696; -1.000000
  0.770000;  0.570000;  0.098995; -0.381838; -1.000000
  0.780000;  0.570000;  0.098995; -0.395980; -1.000000
  0.790000;  0.570000;  0.098995; -0.410122; -1.000000
  0.800000;  0.570000;  0.098995; -0.424264; -1.000000
  0.810000;  0.570000;  0.098995; -0.438406; -1.000000
  0.820000;  0.570000;  0.098995; -0.452548; -1.000000
  0.830000;  0.570000;  0.098995; -0.466690; -1.000000
  0.840000;  0.570000;  0.098995; -0.480833; -1.000000
  0.850000;  0.570000;  0.098995; -0.494975; -1.000000
  0.860000;  0.570000;  0.098995; -0.509117; -1.000000
  0.870000;  0.570000;  0.098995; -0.523259; -1.000000
  0.880000;  0.570000;  0.098995; -0.537401; -1.000000
  0.890000;  0.570000;  0.098995; -0.551543; -1.000000
  0.900000;  0.570000;  0.098995; -0.565685; -1.000000
  0.910000;  0.570000;  0.098995; -0.579828; -1.000000
  0.920000;  0.570000;  0.098995; -0.593970; -1.000000
  0.930000;  0.570000;  0.098995; -0.608112; -1.000000
  0.940000;  0.570000;  0.098995; -0.622254; -1.000000
  0.950000;  0.570000;  0.098995; -0.636396; -1.000000
  0.960000;  0.570000;  0.098995; -0.650538; -1.000000
  0.970000;  0.570000;  0.098995; -0.664680; -1.000000
  0.980000;  0.570000;  0.098995; -0.678823; -1.000000
  0.990000;  0.570000;  0.098995; -0.692965; -1.000000
  1.000000;  0.570000;  0.098995; -0.707107; -1.000000
  0.510000;  0.580000;  0.113137; -0.014142; -1.000000
  0.520000;  0.580000;  0.113137; -0.028284; -1.000000
  0.530000;  0.580000;  0.113137; -0.042426; -1.000000
  0.540000;  0.580000;  0.113137; -0.056569; -1.000000
  0.550000;  0.580000;  0.113137; -0.070711; -1.000000
  0.560000;  0.580000;  0.113137; -0.084853; -1.000000
  0.570000;  0.580000;  0.113137; -0.098995; -1.000000
  0.580000;  0.580000;  0.113137; -0.113137; -1.000000
  0.590000;  0.580000;  0.113137; -0.127279; -1.000000
  0.600000;  0.580000;  0.113137; -0.141421; -1.000000
  0.610000;  0.580000;  0.113137; -0.155564; -1.000000
  0.620000;  0.580000;  0.113137; -0.169706; -1.000000
  0.630000;  0.580000;  0.113137; -0.183848; -1.000000
  0.640000;  0.580000;  0.113137; -0.197990; -1.000000
  0.650000;  0.580000;  0.113137; -0.212132; -1.000000
  0.660000;  0.580000;  0.113137; -0.226274; -1.000000
  0.670000;  0.580000;  0.113137; -0.240416; -1.000000
  0.680000;  0.580000;  0.113137; -0.254558; -1.000000
  0.690000;  0.580000;  0.113137; -0.268701; -1.000000
  0.700000;  0.580000;  0.113137; -0.282843; -1.000000
  0.710000;  0.580000;  0.113137; -0.296985; -1.000000
  0.720000;  0.580000;  0.113137; -0.311127; -1.000000
  0.730000;  0.580000;  0.113137; -0.325269; -1.000000
  0.740000;  0.580000;  0.113137; -0.339411; -1.000000
  0.750000;  0.580000;  0.113137; -0.353553; -1.000000
  0.760000;  0.580000;  0.113137; -0.367696; -1.000000
  0.770000;  0.580000;  0.113137; -0.381838; -1.000000
  0.780000;  0.580000;  0.113137; -0.395980; -1.000000
  0.790000;  0.580000;  0.113137; -0.410122; -1.000000
  0.800000;  0.580000;  0.113137; -0.424264; -1.000000
  0.810000;  0.580000;  0.113137; -0.438406; -1.000000
  0.820000;  0.580000;  0.113137; -0.452548; -1.000000
  0.830000;  0.580000;  0.113137; -0.466690; -1.000000
  0.840000;  0.580000;  0.113137; -0.480833; -1.000000
  0.850000;  0.580000;  0.113137; -0.494975; -1.000000
  0.860000;  0.580000;  0.113137; -0.509117; -1.000000
  0.870000;  0.580000;  0.113137; -0.523259; -1.000000
  0.880000;  0.580000;  0.113137; -0.537401; -1.000000
  0.890000;  0.580000;  0.113137; -0.551543; -1.000000
  0.900000;  0.580000;  0.113137; -0.565685; -1.000000
  0.910000;  0.580000;  0.113137; -0.579828; -1.000000
  0.920000;  0.580000;  0.113137; -0.593970; -1.000000
  0.930000;  0.580000;  0.113137; -0.608112; -1.000000
  0.940000;  0.580000;  0.113137; -0.622254; -1.000000
  0.950000;  0.580000;  0.113137; -0.636396; -1.000000
  0.960000;  0.580000;  0.113137; -0.650538; -1.000000
  0.970000;  0.580000;  0.113137; -0.664680; -1.000000
  0.980000;  0.580000;  0.113137; -0.678823; -1.000000
  0.990000;  0.580000;  0.113137; -0.692965; -1.000000
  1.000000;  0.580000;  0.113137; -0.707107; -1.000000
  0.510000;  0.590000;  0.127279; -0.014142; -1.000000
  0.520000;  0.590000;  0.127279; -0.028284; -1.000000
  0.530000;  0.590000;  0.127279; -0.042426; -1.000000
  0.540000;  0.590000;  0.127279; -0.056569; -1.000000
  0.550000;  0.590000;  0.127279; -0.070711; -1.000000
  0.560000;  0.590000;  0.127279; -0.084853; -1.000000
  0.570000;  0.590000;  0.127279; -0.098995; -1.000000
  0.580000;  0.590000;  0.127279; -0.113137; -1.000000
  0.590000;  0.590000;  0.127279; -0.127279; -1.000000
  0.600000;  0.590000;  0.127279; -0.141421; -1.000000
  0.610000;  0.590000;  0.127279; -0.155564; -1.000000
  0.620000;  0.590000;  0.127279; -0.169706; -1.000000
  0.630000;  0.590000;  0.127279; -0.183848; -1.000000
  0.640000;  0.590000;  0.127279; -0.197990; -1.000000
  0.650000;  0.590000;  0.127279; -0.212132; -1.000000
  0.660000;  0.590000;  0.127279; -0.226274; -1.000000
  0.670000;  0.590000;  0.127279; -0.240416; -1.000000
  0.680000;  0.590000;  0.127279; -0.254558; -1.000000
  0.690000;  0.590000;  0.127279; -0.268701; -1.000000
  0.700000;  0.590000;  0.127279; -0.282843; -1.000000
  0.710000;  0.590000;  0.127279; -0.296985; -1.000000
  0.720000;  0.590000;  0.127279; -0.311127; -1.000000
  0.730000;  0.590000;  0.127279; -0.325269; -1.000000
  0.740000;  0.590000;  0.127279; -0.339411; -1.000000
  0.750000;  0.590000;  0.127279; -0.353553; -1.000000
  0.760000;  0.590000;  0.127279; -0.367696; -1.000000
  0.770000;  0.590000;  0.127279; -0.381838; -1.000000
  0.780000;  0.590000;  0.127279; -0.395980; -1.000000
  0.790000;  0.590000;  0.127279; -0.410122; -1.000000
  0.800000;  0.590000;  0.127279; -0.424264; -1.000000
  0.810000;  0.590000;  0.127279; -0.438406; -1.000000
  0.820000;  0.590000;  0.127279; -0.452548; -1.000000
  0.830000;  0.590000;  0.127279; -0.466690; -1.000000
  0.840000;  0.590000;  0.127279; -0.480833; -1.000000
  0.850000;  0.590000;  0.127279; -0.494975; -1.000000
  0.860000;  0.590000;  0.127279; -0.509117; -1.000000
  0.870000;  0.590000;  0.127279; -0.523259; -1.000000
  0.880000;  0.590000;  0.127279; -0.537401; -1.000000
  0.890000;  0.590000;  0.127279; -0.551543; -1.000000
  0.900000;  0.590000;  0.127279; -0.565685; -1.000000
  0.910000;  0.590000;  0.127279; -0.579828; -1.000000
  0.920000;  0.590000;  0.127279; -0.593970; -1.000000
  0.930000;  0.590000;  0.127279; -0.608112; -1.000000
  0.940000;  0.590000;  0.127279; -0.622254; -1.000000
  0.950000;  0.590000;  0.127279; -0.636396; -1.000000
  0.960000;  0.590000;  0.127279; -0.650538; -1.000000
  0.970000;  0.590000;  0.127279; -0.664680; -1.000000
  0.980000;  0.590000;  0.127279; -0.678823; -1.000000
  0.990000;  0.590000;  0.127279; -0.692965; -1.000000
  1.000000;  0.590000;  0.127279; -0.707107; -1.000000
  0.510000;  0.600000;  0.141421; -0.014142; -1.000000
  0.520000;  0.600000;  0.141421; -0.028284; -1.000000
  0.530000;  0.600000;  0.141421; -0.042426; -1.000000
  0.540000;  0.600000;  0.141421; -0.056569; -1.000000
  0.550000;  0.600000;  0.141421; -0.070711; -1.000000
  0.560000;  0.600000;  0.141421; -0.084853; -1.000000
  0.570000;  0.600000;  0.141421; -0.098995; -1.000000
  0.580000;  0.600000;  0.141421; -0.113137; -1.000000
  0.590000;  0.600000;  0.141421; -0.127279; -1.000000
  0.600000;  0.600000;  0.141421; -0.141421; -1.000000
  0.610000;  0.600000;  0.141421; -0.155564; -1.000000
  0.620000;  0.600000;  0.141421; -0.169706; -1.000000
  0.630000;  0.600000;  0.141421; -0.183848; -1.000000
  0.640000;  0.600000;  0.141421; -0.197990; -1.000000
  0.650000;  0.600000;  0.141421; -0.212132; -1.000000
  0.660000;  0.600000;  0.141421; -0.226274; -1.000000
  0.670000;  0.600000;  0.141421; -0.240416; -1.000000
  0.680000;  0.600000;  0.141421; -0.254558; -1.000000
  0.690000;  0.600000;  0.141421; -0.268701; -1.000000
  0.700000;  0.600000;  0.141421; -0.282843; -1.000000
  0.710000;  0.600000;  0.141421; -0.296985; -1.000000
  0.720000;  0.600000;  0.141421; -0.311127; -1.000000
  0.730000;  0.600000;  0.141421; -0.325269; -1.000000
  0.740000;  0.600000;  0.141421; -0.339411; -1.000000
  0.750000;  0.600000;  0.141421; -0.353553; -1.000000
  0.760000;  0.600000;  0.141421; -0.367696; -1.000000
  0.770000;  0.600000;  0.141421; -0.381838; -1.000000
  0.780000;  0.600000;  0.141421; -0.395980; -1.000000
  0.790000;  0.600000;  0.141421; -0.410122; -1.000000
  0.800000;  0.600000;  0.141421; -0.424264; -1.000000
  0.810000;  0.600000;  0.141421; -0.438406; -1.000000
  0.820000;  0.600000;  0.141421; -0.452548; -1.000000
  0.830000;  0.600000;  0.141421; -0.466690; -1.000000
  0.840000;  0.600000;  0.141421; -0.480833; -1.000000
  0.850000;  0.600000;  0.141421; -0.494975; -1.000000
  0.860000;  0.600000;  0.141421; -0.509117; -1.000000
  0.870000;  0.600000;  0.141421; -0.523259; -1.000000
  0.880000;  0.600000;  0.141421; -0.537401; -1.000000
  0.890000;  0.600000;  0.141421; -0.551543; -1.000000
  0.900000;  0.600000;  0.141421; -0.565685; -1.000000
  0.910000;  0.600000;  0.141421; -0.579828; -1.000000
  0.920000;  0.600000;  0.141421; -0.593970; -1.000000
  0.930000;  0.600000;  0.141421; -0.608112; -1.000000
  0.940000;  0.600000;  0.141421; -0.622254; -1.000000
  0.950000;  0.600000;  0.141421; -0.636396; -1.000000
  0.960000;  0.600000;  0.141421; -0.650538; -1.000000
  0.970000;  0.600000;  0.141421; -0.664680; -1.000000
  0.980000;  0.600000;  0.141421; -0.678823; -1.000000
  0.990000;  0.600000;  0.141421; -0.692965; -1.000000
  1.000000;  0.600000;  0.141421; -0.707107; -1.000000
